 25.00000000 1 50.00000000
 75.00000000 2 50.00000000
 125.0000000 3 50.00000000
 175.0000000 4 50.00000000
 225.0000000 5 50.00000000
 275.0000000 6 50.00000000
 325.0000000 7 50.00000000
 375.0000000 8 50.00000000
 425.0000000 9 50.00000000
 475.0000000 10 50.00000000
 525.0000000 11 50.00000000
 575.0000000 12 50.00000000
 625.0000000 13 50.00000000
 675.0000000 14 50.00000000
 725.0000000 15 50.00000000
 775.0000000 16 50.00000000
 825.0000000 17 50.00000000
 875.0000000 18 50.00000000
 925.0000000 19 50.00000000
 975.0000000 20 50.00000000
 1025.000000 21 50.00000000
